,b_indonesia,b_inggris,agama,Kalkulus,Alin,Statmat
b_indonesia,1,0.44,0.41,0.29,0.33,0.25
b_inggris,0.44,1,0.35,0.35,0.32,0.33
agama,0.41,0.35,1,0.16,0.19,0.18
Kalkulus,0.29,0.35,0.16,1,0.59,0.47
Alin,0.33,0.32,0.19,0.59,1,0.46
Statmat,0.25,0.33,0.18,0.47,0.46,1
